mass_A
t,x,y
0,000,-7,242E-3,-1,269E-2
0,020,1,672E-2,-1,544E-2
0,040,3,181E-2,-1,718E-2
0,060,5,350E-2,-1,803E-2
0,080,8,205E-2,-1,881E-2
0,100,0,104,-2,051E-2
0,120,0,126,-2,270E-2
0,140,0,143,-2,378E-2
0,160,0,165,-2,487E-2
0,180,0,187,-2,564E-2
0,200,0,210,-2,584E-2
0,220,0,231,-2,590E-2
0,240,0,253,-2,572E-2
0,260,0,275,-2,548E-2
0,280,0,299,-2,518E-2
0,300,0,323,-2,512E-2
0,320,0,345,-2,529E-2
0,340,0,366,-2,442E-2
0,360,0,388,-2,401E-2
0,380,0,410,-2,387E-2
0,400,0,433,-2,368E-2
0,420,0,457,-2,292E-2
0,440,0,482,-2,224E-2
0,460,0,505,-2,128E-2
0,480,0,527,-1,996E-2
0,500,0,549,-1,974E-2
0,520,0,571,-1,954E-2
0,540,0,594,-1,980E-2
0,560,0,619,-2,000E-2
0,580,0,642,-1,896E-2
0,600,0,665,-1,704E-2
0,620,0,687,-1,463E-2
0,640,0,713,-1,434E-2
0,660,0,734,-1,498E-2
0,680,0,758,-1,607E-2
0,700,0,782,-1,592E-2
0,720,0,805,-1,457E-2
0,740,0,830,-1,277E-2
0,760,0,853,-1,194E-2
0,780,0,878,-1,719E-2
0,800,0,890,-2,812E-2
0,820,0,903,-3,785E-2
0,840,0,916,-4,649E-2
0,860,0,929,-5,508E-2
0,880,0,944,-6,336E-2
0,900,0,958,-7,209E-2
0,920,0,973,-8,073E-2
0,940,0,988,-8,880E-2
0,960,1,002,-9,680E-2
0,980,1,016,-0,105
1,000,1,030,-0,113
1,020,1,044,-0,121
1,040,1,058,-0,131
1,060,1,071,-0,140
1,080,1,085,-0,149
1,100,1,099,-0,159
1,120,1,112,-0,168
1,140,1,125,-0,176
1,160,1,139,-0,186
1,180,1,152,-0,195
1,200,1,165,-0,204
1,220,1,179,-0,213
1,240,1,194,-0,220
1,260,1,209,-0,228
1,280,1,226,-0,237
1,300,1,240,-0,246
1,320,1,254,-0,255
1,340,1,269,-0,263
1,360,1,284,-0,270
1,380,1,298,-0,278
1,400,1,312,-0,286
1,420,1,326,-0,296
1,440,1,339,-0,305
1,460,1,353,-0,312
1,480,1,366,-0,318
1,500,1,381,-0,325
1,520,1,395,-0,334
1,540,1,409,-0,342
1,560,1,423,-0,350
1,580,1,439,-0,357
1,600,1,452,-0,362
1,620,1,465,-0,368
1,640,1,479,-0,375
1,660,1,495,-0,383
1,680,1,507,-0,390
1,700,1,524,-0,396
1,720,1,538,-0,403
1,740,1,555,-0,410
1,760,1,568,-0,416
1,780,1,583,-0,423
1,800,1,599,-0,431
