mass_B
t,x,y
0,000,0,921,4,601E-2
0,020,0,921,4,402E-2
0,040,0,921,4,216E-2
0,060,0,922,4,073E-2
0,080,0,923,4,051E-2
0,100,0,923,4,059E-2
0,120,0,923,3,945E-2
0,140,0,923,3,826E-2
0,160,0,924,3,675E-2
0,180,0,924,3,565E-2
0,200,0,924,3,557E-2
0,220,0,924,3,577E-2
0,240,0,924,3,641E-2
0,260,0,924,3,686E-2
0,280,0,925,3,687E-2
0,300,0,925,3,770E-2
0,320,0,926,3,795E-2
0,340,0,926,3,827E-2
0,360,0,925,3,829E-2
0,380,0,925,3,879E-2
0,400,0,925,3,914E-2
0,420,0,927,3,932E-2
0,440,0,927,4,028E-2
0,460,0,928,4,154E-2
0,480,0,927,4,288E-2
0,500,0,926,4,304E-2
0,520,0,927,4,305E-2
0,540,0,927,4,295E-2
0,560,0,927,4,298E-2
0,580,0,928,4,304E-2
0,600,0,927,4,550E-2
0,620,0,926,4,719E-2
0,640,0,926,4,801E-2
0,660,0,927,4,700E-2
0,680,0,927,4,583E-2
0,700,0,927,4,585E-2
0,720,0,927,4,692E-2
0,740,0,926,4,836E-2
0,760,0,927,4,829E-2
0,780,0,934,5,554E-2
0,800,0,945,6,532E-2
0,820,0,954,7,498E-2
0,840,0,964,8,405E-2
0,860,0,972,9,171E-2
0,880,0,981,9,856E-2
0,900,0,989,0,105
0,920,0,997,0,112
0,940,1,005,0,119
0,960,1,012,0,125
0,980,1,019,0,132
1,000,1,026,0,138
1,020,1,032,0,144
1,040,1,040,0,150
1,060,1,046,0,155
1,080,1,053,0,160
1,100,1,060,0,166
1,120,1,066,0,171
1,140,1,072,0,177
1,160,1,078,0,183
1,180,1,084,0,189
1,200,1,090,0,194
1,220,1,096,0,200
1,240,1,103,0,206
1,260,1,111,0,213
1,280,1,118,0,219
1,300,1,127,0,224
1,320,1,135,0,230
1,340,1,141,0,235
1,360,1,147,0,242
1,380,1,154,0,248
1,400,1,161,0,254
1,420,1,168,0,258
1,440,1,175,0,264
1,460,1,181,0,269
1,480,1,186,0,277
1,500,1,191,0,284
1,520,1,197,0,291
1,540,1,205,0,296
1,560,1,213,0,302
1,580,1,219,0,309
1,600,1,225,0,316
1,620,1,231,0,324
1,640,1,236,0,331
1,660,1,242,0,337
1,680,1,247,0,344
1,700,1,254,0,351
1,720,1,259,0,357
1,740,1,265,0,365
1,760,1,271,0,371
1,780,1,277,0,377
1,800,1,283,0,383
1,820,1,289,0,390
1,840,1,294,0,395
1,860,1,300,0,401
1,880,1,305,0,407
1,900,1,310,0,412
1,920,1,315,0,419
